[pid]
kp = 0.03535151757613603
ki = 0.040054570806469146
kd = 0

