[pid]
kp = 0.032361604218009606
ki = 0.032204448074062975
kd = 0

